function f1 = f1(x, y)
    A1 = [2.1213, 0.7071; -2.1213, 0.7071];
    f1 = [x - 2, y + 2] * A1 * [x - 2; y + 2] + 5;
end