function f2 = f2(x, y)
    A2 = [3.5640, -0.4540; 1.8160, 0.8910];
    f2 = [x + 2.5, y - 2.5] * A2 * [x + 2.5; y - 2.5] + 9;
end